0 0.035083 0.140625 0.038833 0.053250
0 0.085250 0.096125 0.034167 0.048250
0 0.211667 0.028375 0.030333 0.056750
0 0.441417 0.035625 0.054500 0.071250
0 0.358417 0.081875 0.042167 0.067750
0 0.529000 0.132750 0.018333 0.031000
0 0.599250 0.139500 0.032167 0.052500
0 0.630250 0.110375 0.031833 0.054750
0 0.657750 0.114750 0.035833 0.054000
0 0.791500 0.193875 0.058667 0.087750
0 0.791500 0.249375 0.025000 0.026750
0 0.955583 0.067750 0.046167 0.067000
0 0.981583 0.415375 0.021167 0.036750
0 0.958167 0.418750 0.031667 0.040500
0 0.235333 0.240375 0.020000 0.029250
0 0.255750 0.372875 0.044500 0.066750
0 0.156250 0.408000 0.047500 0.064500
0 0.243917 0.624000 0.057833 0.080000
0 0.236750 0.583500 0.016500 0.016500
0 0.361417 0.411625 0.044500 0.076750
0 0.341083 0.441125 0.022167 0.034250
0 0.451167 0.258500 0.021000 0.031500
0 0.493250 0.334750 0.020833 0.028000
0 0.591417 0.357625 0.026167 0.036250
0 0.670000 0.346375 0.020333 0.042250
0 0.691250 0.310625 0.024833 0.036750
0 0.758000 0.353750 0.025667 0.040500
0 0.799417 0.358875 0.021833 0.031250
0 0.856500 0.448375 0.022333 0.027750
0 0.900333 0.443000 0.025333 0.038500
0 0.978667 0.474875 0.027333 0.038750
0 0.885000 0.502125 0.032333 0.033750
0 0.857583 0.617500 0.026833 0.037500
0 0.018750 0.960750 0.037500 0.078000
0 0.056750 0.882375 0.022500 0.038250
0 0.123583 0.806375 0.036500 0.077750
0 0.156750 0.810125 0.057500 0.084250
0 0.156333 0.587625 0.021000 0.030750
0 0.097417 0.640250 0.021833 0.026500
0 0.182750 0.693250 0.019833 0.026000
0 0.195917 0.676250 0.020167 0.031500
0 0.243083 0.695250 0.033833 0.051000
0 0.292667 0.714875 0.027000 0.036250
0 0.260333 0.794250 0.018667 0.027000
0 0.309667 0.791250 0.030000 0.036500
0 0.329083 0.793125 0.020500 0.032250
0 0.338500 0.728500 0.020667 0.036500
0 0.370083 0.781750 0.013167 0.025500
0 0.380083 0.775000 0.020500 0.033500
0 0.210667 0.866625 0.021000 0.039250
0 0.139000 0.883500 0.028667 0.042000
0 0.208417 0.917250 0.019500 0.029000
0 0.262167 0.924500 0.026333 0.033000
0 0.128750 0.993000 0.024833 0.013500
0 0.359417 0.991250 0.021833 0.017000
0 0.437917 0.987000 0.021500 0.025500
0 0.487083 0.984250 0.023500 0.031000
0 0.421833 0.797625 0.022000 0.040750
0 0.413083 0.662750 0.047500 0.063000
0 0.415250 0.707375 0.042833 0.138250
0 0.380917 0.636625 0.021833 0.036250
0 0.387583 0.594250 0.026833 0.042500
0 0.421833 0.490750 0.039333 0.058500
0 0.431833 0.436375 0.019000 0.040750
0 0.438167 0.572000 0.032000 0.050000
0 0.479333 0.755875 0.036667 0.046750
0 0.482167 0.840875 0.032333 0.044750
0 0.515583 0.837375 0.019833 0.032750
0 0.539417 0.810375 0.032500 0.050750
0 0.556667 0.799250 0.015333 0.027000
0 0.562500 0.867875 0.019333 0.035250
0 0.695000 0.885750 0.016000 0.024500
0 0.702250 0.810875 0.015833 0.027250
0 0.520000 0.773250 0.025000 0.032000
0 0.463167 0.574625 0.022333 0.045250
0 0.485750 0.519125 0.021833 0.036250
0 0.524417 0.560625 0.033167 0.051250
0 0.516250 0.524000 0.019833 0.033500
0 0.523750 0.427875 0.023500 0.030750
0 0.561583 0.434000 0.034500 0.055500
0 0.598750 0.499375 0.026500 0.049250
0 0.601917 0.469250 0.024833 0.023500
0 0.643167 0.399000 0.020000 0.030500
0 0.666000 0.457000 0.016667 0.034000
0 0.679333 0.465250 0.020667 0.036500
0 0.690417 0.449875 0.026167 0.042750
0 0.775583 0.492375 0.022833 0.041750
0 0.757500 0.541375 0.024667 0.036250
0 0.758417 0.583000 0.016500 0.019000
0 0.765083 0.606750 0.014833 0.032000
0 0.741417 0.614750 0.039167 0.060500
0 0.642917 0.564625 0.024167 0.034250
0 0.664917 0.592875 0.021833 0.032250
0 0.636583 0.611375 0.045167 0.067250
0 0.689917 0.679000 0.022167 0.032500
0 0.715917 0.744625 0.018833 0.036250
0 0.602500 0.626500 0.021333 0.030500
0 0.594917 0.652000 0.020500 0.031500
0 0.553833 0.707750 0.026667 0.051500