0 0.476562 0.141204 0.076637 0.089286
0 0.408854 0.309524 0.095486 0.135582
0 0.376116 0.731481 0.141121 0.137566
0 0.362227 0.833664 0.130704 0.205026
0 0.284226 0.707176 0.102183 0.127315
0 0.191592 0.644345 0.125744 0.143188
0 0.299107 0.431217 0.102183 0.162037
0 0.344246 0.328208 0.110615 0.161045
0 0.238467 0.297288 0.146577 0.158730
0 0.224578 0.437665 0.072669 0.111442
0 0.249256 0.600033 0.083333 0.106812
0 0.188616 0.560847 0.062748 0.034392
0 0.375496 0.200893 0.148313 0.336310
0 0.149430 0.395503 0.077133 0.085979
0 0.099206 0.635417 0.078373 0.106151
0 0.109003 0.702216 0.048859 0.036706
0 0.028150 0.679398 0.056300 0.096230
0 0.064980 0.618882 0.069940 0.104828
0 0.096230 0.566468 0.060020 0.044974
0 0.135293 0.581184 0.026538 0.040675
0 0.014633 0.635086 0.029266 0.021495
0 0.023934 0.580357 0.047867 0.087963
0 0.022445 0.531581 0.044891 0.041997
0 0.062376 0.368056 0.078621 0.085317
0 0.027530 0.385251 0.055060 0.076720
0 0.098834 0.342427 0.047371 0.066468
0 0.059896 0.317460 0.038938 0.022487
0 0.013145 0.322751 0.026290 0.072090
0 0.010045 0.398313 0.020089 0.074405