0 0.054083 0.120500 0.036167 0.055500
0 0.033000 0.171125 0.027333 0.039750
0 0.051667 0.259250 0.029333 0.045000
0 0.101750 0.172750 0.032833 0.062000
0 0.131583 0.134250 0.025833 0.037000
0 0.189250 0.245875 0.128833 0.196250
0 0.504333 0.661000 0.017000 0.025000
0 0.529750 0.687500 0.012167 0.024500
0 0.536750 0.652000 0.023167 0.047500
0 0.355250 0.513500 0.058833 0.125000
0 0.336083 0.552625 0.018500 0.028250
0 0.329083 0.461875 0.017500 0.030250
0 0.322500 0.392125 0.040000 0.060750
0 0.305000 0.331750 0.019667 0.027000
0 0.241250 0.379875 0.024500 0.035250
0 0.241583 0.429250 0.028167 0.041500
0 0.264083 0.418125 0.118167 0.091250
0 0.280750 0.447750 0.025833 0.035500
0 0.308917 0.446250 0.014500 0.025500
0 0.269083 0.626500 0.023167 0.038000
0 0.154833 0.457000 0.033667 0.060000
0 0.247750 0.176375 0.025500 0.038750
0 0.210333 0.130500 0.030667 0.044000
0 0.223667 0.025750 0.034333 0.045000
0 0.117667 0.329625 0.059667 0.108250
0 0.077750 0.292750 0.030167 0.047500
0 0.022250 0.278875 0.025167 0.039750
0 0.059583 0.383875 0.022833 0.036250
0 0.073417 0.400625 0.040500 0.052750
0 0.022667 0.393500 0.029333 0.031500
0 0.122417 0.492875 0.045833 0.066250
0 0.088500 0.502875 0.027333 0.041750
0 0.179333 0.545000 0.046667 0.069000
0 0.137750 0.563250 0.021167 0.032500
0 0.176500 0.917375 0.023333 0.040250
0 0.337333 0.793625 0.024000 0.038250
0 0.316250 0.677875 0.105167 0.134750
0 0.386250 0.657375 0.035833 0.095750
0 0.411333 0.641875 0.014000 0.033250
0 0.396000 0.733875 0.018000 0.035250
0 0.442917 0.923375 0.070500 0.141750
0 0.460583 0.634125 0.029833 0.046250
0 0.395417 0.564375 0.032167 0.057750
0 0.405000 0.381375 0.035333 0.058750
0 0.429333 0.491875 0.024000 0.041750
0 0.442583 0.375375 0.018167 0.023250
0 0.497083 0.461875 0.041500 0.061750
0 0.473667 0.498625 0.023000 0.036750
0 0.462083 0.529875 0.029167 0.043750
0 0.471083 0.341875 0.036500 0.071250
0 0.491667 0.618250 0.031000 0.049500
0 0.455750 0.670125 0.019833 0.029250
0 0.460417 0.713125 0.020833 0.034750
0 0.492750 0.859000 0.013167 0.026500
0 0.529750 0.855875 0.017167 0.022750
0 0.558417 0.914625 0.013833 0.028250
0 0.562333 0.805000 0.022667 0.041500
0 0.569667 0.820000 0.018000 0.030000
0 0.546833 0.797000 0.012000 0.026500
0 0.603417 0.754375 0.024500 0.036750
0 0.602083 0.693625 0.021500 0.034750
0 0.607000 0.711875 0.013333 0.019250
0 0.619333 0.737000 0.013000 0.023000
0 0.619417 0.834375 0.014167 0.028250
0 0.648833 0.818375 0.012667 0.025250
0 0.770917 0.790250 0.014833 0.029500
0 0.868833 0.675625 0.086333 0.117250
0 0.805833 0.582375 0.088000 0.128250
0 0.763917 0.402500 0.040500 0.061000
0 0.947250 0.291625 0.048500 0.079250
0 0.943917 0.026125 0.057167 0.052250
0 0.700917 0.114625 0.062167 0.091250
0 0.587750 0.025750 0.028833 0.051500
0 0.651333 0.095875 0.038333 0.053750
0 0.671000 0.128750 0.014000 0.051500
0 0.648583 0.302250 0.021500 0.036500
0 0.696750 0.430250 0.040167 0.068000
0 0.616833 0.391500 0.056333 0.086000
0 0.630417 0.602375 0.013167 0.022250
0 0.571917 0.650000 0.014167 0.026500
0 0.598000 0.536375 0.021667 0.035750
0 0.569417 0.527125 0.010833 0.020750
0 0.563250 0.494875 0.035833 0.051750
0 0.576917 0.458000 0.044500 0.071000
0 0.502083 0.418000 0.026167 0.040500
0 0.454917 0.129125 0.066500 0.095750
0 0.322833 0.187500 0.027000 0.055000