0 0.027907 0.008726 0.055814 0.017452
0 0.096512 0.090750 0.065116 0.150087
0 0.133721 0.004363 0.025581 0.008726
0 0.033140 0.228621 0.066279 0.101222
0 0.015698 0.309773 0.031395 0.144852
0 0.213953 0.274869 0.100000 0.155323
0 0.262209 0.126527 0.138372 0.183246
0 0.345349 0.236475 0.111628 0.284468
0 0.313372 0.322862 0.084884 0.132635
0 0.159302 0.441536 0.079070 0.129145
0 0.208721 0.461606 0.054651 0.082024
0 0.214535 0.555846 0.061628 0.102967
0 0.288953 0.510471 0.061628 0.109948
0 0.313372 0.417976 0.073256 0.092496
0 0.307558 0.589005 0.056977 0.092496
0 0.337791 0.660558 0.043023 0.064572
0 0.313953 0.719023 0.041860 0.073298
0 0.352907 0.707679 0.036047 0.075044
0 0.342442 0.812391 0.050000 0.095986
0 0.419767 0.543630 0.062791 0.106457
0 0.451744 0.048866 0.077907 0.097731
0 0.445930 0.249564 0.080233 0.181501
0 0.381977 0.345550 0.056977 0.178010
0 0.460029 0.479821 0.045785 0.079625
0 0.498256 0.301047 0.068605 0.130890
0 0.533721 0.390052 0.072093 0.116928
0 0.504070 0.534904 0.043023 0.078534
0 0.531395 0.571553 0.020930 0.061082
0 0.551163 0.547993 0.044186 0.087260
0 0.600581 0.573298 0.068605 0.123909
0 0.509302 0.649215 0.039535 0.076789
0 0.439535 0.613438 0.041860 0.075044
0 0.501163 0.861257 0.053488 0.109948
0 0.576744 0.778360 0.034884 0.069808
0 0.544767 0.711169 0.040698 0.068063
0 0.616279 0.680628 0.048837 0.090750
0 0.652907 0.723386 0.038372 0.068063
0 0.765698 0.673647 0.045349 0.087260
0 0.985465 0.614311 0.026744 0.083770
0 0.965116 0.360384 0.067442 0.109948
0 0.685465 0.434555 0.056977 0.097731
0 0.637791 0.212914 0.080233 0.157068
0 0.587209 0.135253 0.069767 0.141361
0 0.768023 0.168412 0.087209 0.162304
0 0.750581 0.041012 0.094186 0.082024