0 0.323000 0.406500 0.155333 0.142000
0 0.445000 0.418250 0.146667 0.165500
0 0.582833 0.408500 0.209667 0.160000
0 0.590833 0.563875 0.213000 0.184750
0 0.745000 0.616375 0.156667 0.208750
0 0.862500 0.570250 0.215667 0.192000
0 0.560167 0.710500 0.175667 0.122000
0 0.495500 0.584875 0.134333 0.167750
0 0.382500 0.517000 0.203667 0.184000
0 0.277667 0.578125 0.180667 0.162250
0 0.184000 0.631125 0.178667 0.165250
0 0.399500 0.639750 0.129667 0.081500
0 0.365333 0.705500 0.179333 0.110500
0 0.731000 0.681750 0.174667 0.090500
0 0.730167 0.518250 0.083667 0.025000