0 0.816840 0.668306 0.129051 0.087384
0 0.639612 0.682677 0.130498 0.090278
0 0.712529 0.619117 0.135127 0.088542
0 0.781250 0.552951 0.125579 0.085069
0 0.702691 0.495370 0.127604 0.087963
0 0.783275 0.377990 0.130208 0.084684
0 0.646412 0.422357 0.135995 0.101659
0 0.206597 0.329572 0.144676 0.097029
0 0.359664 0.378279 0.145255 0.087191
0 0.530237 0.388021 0.128183 0.085069
0 0.560909 0.502025 0.095775 0.062693
0 0.282986 0.474633 0.140625 0.097415
0 0.379630 0.514468 0.130787 0.087191
0 0.254051 0.566937 0.137731 0.094136
0 0.403935 0.640336 0.131944 0.087770
0 0.271267 0.699460 0.140914 0.100309
0 0.553385 0.613233 0.139178 0.092207
0 0.609783 0.547091 0.115741 0.076026
0 0.517872 0.698575 0.132761 0.097585