0 0.064000 0.117000 0.128000 0.154000
0 0.118667 0.048000 0.130667 0.092000
0 0.188000 0.171000 0.224000 0.202000
0 0.304000 0.274000 0.226667 0.224000
0 0.378000 0.134000 0.196000 0.228000
0 0.442000 0.050000 0.097333 0.084000
0 0.556000 0.110000 0.173333 0.164000
0 0.525333 0.294000 0.237333 0.368000
0 0.590667 0.487000 0.304000 0.466000
0 0.610667 0.607000 0.354667 0.442000
0 0.273333 0.448000 0.354667 0.440000
0 0.162000 0.732000 0.324000 0.516000
0 0.050000 0.449000 0.100000 0.258000
0 0.819333 0.775000 0.358667 0.446000
0 0.910667 0.462000 0.176000 0.380000
0 0.920000 0.192000 0.157333 0.212000
0 0.760667 0.332000 0.225333 0.344000
0 0.742000 0.137000 0.201333 0.206000
0 0.746667 0.054000 0.178667 0.108000
0 0.916667 0.084000 0.164000 0.168000