0 0.166426 0.153365 0.027724 0.052885
0 0.220513 0.179928 0.024359 0.035817
0 0.077564 0.264303 0.027885 0.046394
0 0.156090 0.518510 0.039744 0.051442
0 0.242548 0.569712 0.020353 0.032692
0 0.292788 0.678005 0.028846 0.056971
0 0.336859 0.771995 0.025641 0.043990
0 0.389343 0.768510 0.049519 0.062019
0 0.199119 0.773317 0.024199 0.033654
0 0.224199 0.829567 0.026282 0.035096
0 0.460497 0.887019 0.020032 0.037500
0 0.503526 0.959014 0.018910 0.041587
0 0.487500 0.640144 0.027885 0.043750
0 0.498878 0.557452 0.023718 0.038462
0 0.514904 0.576562 0.030769 0.047356
0 0.581971 0.641226 0.029327 0.040144
0 0.547676 0.525361 0.025801 0.037740
0 0.550240 0.432452 0.019071 0.031731
0 0.570192 0.428966 0.023718 0.032452
0 0.765946 0.372476 0.041506 0.069952
0 0.733734 0.517188 0.020353 0.032933
0 0.811619 0.500361 0.034455 0.039663
0 0.989423 0.309014 0.020833 0.036779
0 0.774920 0.271875 0.029968 0.055769
0 0.757292 0.055889 0.037981 0.059375