0 0.326389 0.266888 0.014310 0.017992
0 0.364373 0.331913 0.011153 0.018624
0 0.413615 0.369003 0.011153 0.020202
0 0.412037 0.399621 0.011364 0.023359
0 0.407092 0.438447 0.011574 0.018308
0 0.415299 0.479324 0.011995 0.017361
0 0.450442 0.428030 0.012416 0.016414
0 0.477168 0.385417 0.011574 0.022727
0 0.476536 0.356376 0.011153 0.020202
0 0.497896 0.417614 0.011364 0.022727
0 0.493161 0.447443 0.014099 0.019255
0 0.472538 0.505997 0.010311 0.021465
0 0.485269 0.514205 0.011364 0.017045
0 0.556397 0.469855 0.010101 0.017992
0 0.501052 0.584596 0.009680 0.017677
0 0.577020 0.590278 0.013468 0.018939
0 0.552294 0.636206 0.011574 0.021149
0 0.607218 0.537563 0.011574 0.023990
0 0.615004 0.558081 0.012837 0.024621
0 0.662353 0.591540 0.016625 0.020202
0 0.614478 0.657355 0.010522 0.016730
0 0.599853 0.721117 0.009891 0.016730
0 0.702441 0.708649 0.010101 0.019571
0 0.903304 0.664931 0.014520 0.019255
0 0.454861 0.523990 0.011574 0.022727
0 0.426031 0.532986 0.011153 0.021780
0 0.434659 0.556187 0.011153 0.018308
0 0.435080 0.661932 0.012837 0.015152
0 0.438868 0.751578 0.009049 0.013889
0 0.443918 0.787879 0.010732 0.017677
0 0.454335 0.787563 0.009680 0.017677
0 0.489268 0.753314 0.010522 0.019255
0 0.255156 0.467487 0.014099 0.021465
0 0.278514 0.511048 0.011574 0.020202
0 0.317761 0.527620 0.010522 0.021780
0 0.333439 0.553504 0.014520 0.018624
0 0.362689 0.553662 0.011574 0.020833
0 0.357008 0.570549 0.013258 0.019255
0 0.369949 0.603220 0.010943 0.017677
0 0.407197 0.702020 0.010101 0.017677
0 0.322180 0.629261 0.012626 0.017361
0 0.356587 0.674242 0.009891 0.019571
0 0.333439 0.678819 0.011574 0.020518
0 0.282302 0.652778 0.009891 0.017677
0 0.239899 0.545139 0.011364 0.022096