0 0.875920 0.355803 0.055002 0.041859
0 0.809008 0.339059 0.071026 0.048210
0 0.748809 0.350462 0.058034 0.043880
0 0.727804 0.254763 0.088783 0.059758
0 0.883499 0.118649 0.232135 0.192841
0 0.622780 0.122546 0.252923 0.142321
0 0.386098 0.182159 0.209181 0.116051
0 0.196405 0.220410 0.171936 0.099018
0 0.058034 0.211749 0.116068 0.089203
0 0.174968 0.270930 0.095279 0.043014
0 0.232785 0.303984 0.066262 0.044457
0 0.436120 0.267177 0.090948 0.060912
0 0.513209 0.304561 0.072759 0.048499
0 0.417713 0.335883 0.065396 0.048210
0 0.186661 0.329965 0.064963 0.049076
0 0.010394 0.316830 0.020788 0.047055