0 0.127911 0.329657 0.068321 0.086601
0 0.251685 0.340891 0.070772 0.091912
0 0.375153 0.348039 0.077512 0.097222
0 0.494485 0.311070 0.066176 0.091912
0 0.602482 0.344771 0.070159 0.093137
0 0.711397 0.336397 0.064338 0.086193
0 0.845282 0.351103 0.056373 0.072304
0 0.945466 0.327819 0.060049 0.078840
0 0.705576 0.919526 0.017770 0.022059
0 0.724724 0.919118 0.014400 0.020425
0 0.733609 0.915645 0.026654 0.025735
0 0.807292 0.885825 0.020221 0.025735
0 0.856771 0.867239 0.021140 0.028595
0 0.890778 0.849265 0.021752 0.029412
0 0.961397 0.828636 0.030637 0.036356