0 0.084114 0.658857 0.100750 0.061856
0 0.145267 0.699157 0.092784 0.066229
0 0.233365 0.667604 0.111528 0.061231
0 0.288425 0.708529 0.103561 0.080600
0 0.333880 0.643393 0.093252 0.066542
0 0.415651 0.697595 0.089035 0.073727
0 0.470244 0.694627 0.054827 0.064667
0 0.562793 0.649172 0.094658 0.060606
0 0.637535 0.692440 0.101687 0.079038
0 0.706654 0.620744 0.096532 0.077476
0 0.753983 0.679944 0.098407 0.072165
0 0.837863 0.645111 0.100281 0.064980
0 0.931818 0.669791 0.107310 0.069978
0 0.052952 0.803811 0.091846 0.065604
0 0.134021 0.798500 0.088097 0.062480
0 0.219306 0.808341 0.091846 0.067791
0 0.300843 0.790222 0.086223 0.063418
0 0.360590 0.813964 0.096064 0.077788
0 0.426195 0.767104 0.095127 0.057794
0 0.451500 0.800375 0.063261 0.053108
0 0.511246 0.778194 0.084349 0.060606
0 0.556935 0.799438 0.063261 0.055608
0 0.625820 0.778194 0.083880 0.058107
0 0.706654 0.805373 0.103093 0.080600
0 0.767338 0.750391 0.098875 0.066854
0 0.829428 0.795845 0.086223 0.072165
0 0.921040 0.806311 0.106373 0.089972
0 0.815370 0.866136 0.097470 0.064667
0 0.920103 0.912840 0.108247 0.073727
0 0.709231 0.928460 0.172915 0.092471
0 0.670806 0.894720 0.097938 0.066229
0 0.510544 0.911590 0.075445 0.064980
0 0.052952 0.914870 0.092784 0.074039
0 0.130272 0.890815 0.088097 0.059669
0 0.214620 0.901437 0.096532 0.063418
0 0.296860 0.867073 0.112933 0.062793
0 0.417291 0.896907 0.107310 0.054358
0 0.324508 0.927835 0.095127 0.086848
0 0.443533 0.934083 0.096064 0.096845
0 0.558341 0.929397 0.154171 0.093721